56,2
4,40
4,17
4,16
4,26
4,4
4,7
4,23
4,86
4,91
4,19
4,15
4,89
6,4
7,9
133,36
133,35
3,2
3,1
3,3
10,100
10,76
10,132
10,142
10,88
10,120
10,134
10,116
10,2
10,3
11,15
11,16
11,22
11,10
11,8
11,2
11,3
9,7
9,3
8,17
8,6
8,12
8,4
8,7
8,5
103,4
103,3
103,2
103,1
103,0
100,4
100,3
100,2
100,1
100,0
99,3
99,2
99,1
99,0
96,3
18,1
96,1
18,3
59,3
59,1
14,1
14,3
58,3
13,1
13,3
58,1
57,3
57,1
56,4
56,3
56,1
48,4
48,3
48,1
37,4
2,2
37,1
2,1
35,4
2,3
35,3
35,1
30,3
30,2
30,1
28,3
28,1
20,3
20,2
20,1
19,3
19,2
19,1
17,3
17,2
17,1
16,3
16,2
16,1
15,3
15,2
15,1
14,2
13,2
12,3
12,2
12,1
11,30
11,29
11,28
11,27
11,26
11,25
11,24
11,23
11,21
11,20
11,19
11,18
11,17
11,1
11,12
